3853748946
4046539562
2109561326
426283548
1633854071
685299502
581237363
810623803
2473252800
1305274547
950899352
3487922223
592227263
49145143
1177810185
3592324052
443031982
443031983
937378714
685157383
2891979647
1505278293
3899548068
1873857625
1485756901
293622383
2993288448
3702027555
4257549984
2979281381
723146156
2367713531
3282419336
2721172019
2721172022
4257549985
2721172016
2737886288
2788911999
2644588989
3906243540
1017491634
822835819
1182982131
2086800027
1400453406
2815102895
1182982130
2885393055
3205869476
1182982128
3089508707
2307426898
1182982129
346878928
2815102891
2395477999
223308216
2926662838
3818755493
2357830696
2657932156
3205869472
2644588991
3906243541
2532730764
3340102521
3205869473
912276057
1363705632
1363705633
2118730408
3818755492
2696974649
2815102894
1017491636
466236950
3205869477
2118730409
3906243542
2696974648
3089508706
1363705635
1371145729
1284563761
2926662832
1371145728
4114204995
153979399
3616586446
2870169846
1821724780
1891561814
3580904581
3460576091
1331482397
2286143274
903984858
991314988
2773056939
4117693024
3354242550
1364093401
3628991659
814876685
3437746471
1561006927
3750210364
2926662838
3512349612
2343515647
3993415705
3325463374
2816212794
1458739906
3942036043
4165919945
1641430382
1821724780
153979396
814876684
2130065553
2657932159
654608616
475652357
2757274117
3580904580
3356526253
1688602431
2957367743
3356526253
4165919945
1474735276
2766109872
2766109874
3470850110
1163283805
2220884262
2712244741
3512349612
1512311134
2926662835
193869523
324382200
2926662832
3616586446
607191995
988607392
1364093401
821154603
42351395
3211806999
2870169846
3089417789
2222560548
1690783811
1513993763
4037745684
3588934839
3624199242
2870169846
3671337107
1253087083
2069224589
188882152
1179141605
1619016919
3628991658
1392919471
886273156
614426548
1946491241
886273156
2208405142
1678957656
508076356
3239215026
3304105970
2108920981
2591746970
2957367743
2582755344
1977926913
1786797708
1508896098
2603483885
66875353
400096939
1621657423
1264765761
3504336176
3136019014
1540046410
766323545
4248569242
821154603
1197486957
3487253372
821154603
2957367743
838556752
2582755344
991314988
407621213
2721249463
981718087
2362471601
991314988
3460576091
2776503072
146223817
1270948323
211938782
347366834
1561006927
3844694310
4124984448
370712896
1161276682
1506719573
578459533
65611680
803939997
1197486957
607191995
3937866388
747210772
1253087083
1621657423
1665952087
4068264807
1399263478
4184808992
2990047042
3037520408
2199171672
2582755344
3512349612
3143732432
4124984448
1030895163
2108920981
691578978
2257180473
3309120116
2766109874
2415768376
614426548
1561006927
1216130969
2511757244
3481861797
1751782730
432848324
2540008660
254514436
3594816059
2748529698
3894119660
3130110908
3525468244
4018888208
2281718410
632867341
4057968890
3173226934
3173226934
3173226938
3173226942
2757895693
4010589224
2218275250
3946927545
1656343523
248592690
1533012008
937162783
1314734302
2024188850
2604685098
2134292552
2376481550
3539357318
126602378
3438103366
2958378809
3105935002
432848324
2540008660
825357415
3594816059
3894119660
3130110908
3525468244
4018888208
3612061731
2281718410
632867341
1652224118
3731623410
3731623410
3731623410
4057968895
4057968895
3324918657
1141309169
3470992439
2223907273
3856705927
1216130969
1395261499
1792644404
1321354573
4079117607
893751566
3562696927
2773056939
1053737370
3470850110
3942036043
215674186
1474735276
978537162
2268523867
4001862073
1264765761
609852545
193869520
3030715588
3166972772
193869520
609852545
2371224642
1861032455
296637832
953357968
3102002768
2266588628
3518986339
472776702
3635991036
3225959819
873720784
432848324
2540008660
1138508272
1138508287
1230660640
1230660643
1230660641
4012203003
1269179840
629267288
3894119660
1652224118
3130110908
3525468244
4018888208
1776097679
2281718410
980167526
3719953927
4257549984
4257549985
3037520408
2009277538
3523075121
2060759198
306484311
3185435909
2597888508
1167085653
2955116910
4090391256
2480779718
3867067311
4138096633
1733358878
793331321
3414847998
88498859
3613286014
2346609008